219
149
116
115
117
114
112
118
125
123
113
110
117
123
120
112
111
119
125
120
113
114
123
127
120
114
117
126
128
120
115
120
129
129
120
117
124
131
129
121
118
127
133
128
120
119
128
132
126
118
119
128
130
121
115
118
126
126
118
114
120
129
129
122
120
128
134
131
122
120
127
131
126
117
117
125
128
121
115
117
126
127
120
114
119
127
128
120
116
122
129
127
119
116
124
130
126
117
116
125
129
123
115
117
125
128
121
114
118
126
127
119
114
119
127
126
118
115
122
129
126
117
116
124
129
125
117
118
126
130
123
116
119
128
130
123
117
121
129
130
122
117
123
131
129
120
117
125
131
127
119
119
127
132
126
118
120
129
132
125
118
122
131
132
124
118
124
132
131
123
119
126
132
129
121
119
128
133
128
120
121
129
133
127
120
122
131
133
125
119
123
131
132
123
118
124
131
129
121
120
130
137
133
125
123
131
135
129
120
120
129
132
125
118
121
130
131
124
118
124
131
129
115
106
111
126
138
156
191
241
251
251
251
251
244
181
125
99
101
114
122
118
113
117
125
125
116
112
117
125
124
116
113
121
128
125
117
115
124
130
125
117
118
127
132
125
119
122
131
133
125
120
125
133
133
125
121
127
134
132
124
121
129
134
129
120
119
127
131
124
116
117
125
129
122
117
122
132
135
128
123
128
135
133
124
119
125
131
127
118
116
124
129
123
116
116
125
128
122
115
117
127
129
121
116
120
129
128
119
114
120
128
126
117
114
121
127
123
115
114
122
127
121
113
115
124
127
119
113
116
125
125
117
112
117
125
125
116
113
119
126
124
116
114
121
127
123
115
115
123
127
121
114
117
125
127
120
114
118
127
127
119
114
120
128
127
118
115
122
129
126
117
116
125
130
125
117
118
127
130
124
117
120
128
130
122
117
121
130
129
120
116
123
130
128
120
117
125
131
127
118
118
126
130
123
116
118
127
131
127
122
127
134
134
125
119
124
131
129
120
117
123
130
127
119
117
126
131
126
118
116
120
117
111
111
130
164
204
241
250
251
251
251
238
164
119
109
106
104
107
118
125
121
113
112
120
125
119
112
114
122
126
119
113
116
125
126
118
114
119
128
127
119
115
122
130
127
119
117
126
132
127
119
120
129
133
126
119
121
130
132
124
118
122
129
129
119
114
119
126
123
115
113
120
128
126
119
120
129
133
128
120
120
127
130
121
114
116
124
125
117
111
116
124
124
115
111
118
125
123
115
113
121
127
122
114
114
122
126
120
113
115
124
126
118
113
116
124
125
116
112
117
124
123
114
111
118
125
121
113
112
120
125
120
113
113
122
126
119
112
115
124
126
119
113
117
125
125
117
113
119
126
124
116
114
121
127
123
116
115
124
128
123
115
117
126
129
122
115
119
127
128
120
115
120
129
128
119
116
123
130
127
118
117
125
130
126
117
118
127
130
124
117
119
128
130
123
117
121
130
130
122
117
123
131
129
121
118
125
132
128
119
117
125
130
126
121
124
134
136
129
121
124
131
132
123
117
122
130
129
121
117
124
131
129
120
118
126
129
119
106
105
120
141
163
196
242
251
251
251
251
237
176
131
107
103
112
124
124
115
111
118
124
120
112
111
119
125
120
113
114
123
127
120
114
117
126
128
121
116
121
129
130
121
117
124
131
129
121
119
127
133
129
121
121
129
133
128
120
121
130
132
124
117
120
128
128
119
113
118
127
126
119
117
125
133
130
122
120
127
132
126
117
117
124
127
120
113
115
123
125
117
112
116
124
124
116
112
118
126
124
116
114
121
127
124
116
115
123
128
122
114
115
124
127
119
113
116
124
125
117
112
117
124
123
115
112
118
126
122
114
113
121
127
122
114
114
123
127
121
114
116
125
127
120
114
118
127
127
119
114
120
127
126
117
115
122
129
125
117
116
125
130
124
117
117
127
130
123
116
119
128
130
122
116
121
130
129
121
117
123
130
128
119
117
125
131
127
118
118
127
131
125
118
120
129
132
125
118
122
131
131
123
119
125
132
131
122
119
126
132
129
120
119
127
133
130
125
127
136
138
131
124
125
133
134
126
120
125
132
132
124
120
127
133
131
123
120
126
127
116
108
114
138
167
199
236
250
251
251
251
244
181
137
119
110
109
118
127
125
116
113
119
125
122
114
113
121
127
121
114
115
124
128
122
115
118
127
129
122
117
122
130
130
122
118
125
132
130
122
120
128
133
130
122
121
130
134
128
121
122
130
132
125
118
120
128
128
119
114
119
128
128
121
119
127
135
132
124
121
128
133
127
118
118
126
129
122
115
117
126
128
120
114
119
127
127
119
115
121
128
126
118
116
123
130
126
118
117
125
130
124
116
118
126
129
121
115
117
125
126
118
114
119
127
126
117
114
120
127
125
116
115
123
128
123
115
116
124
128
122
115
117
126
128
121
115
119
127
128
120
116
121
129
128
119
116
124
130
126
119
118
126
131
125
118
119
128
131
124
117
121
130
131
123
118
123
131
130
122
118
125
132
130
121
119
127
133
128
120
120
129
133
127
120
122
131
133
125
119
123
132
132
124
119
125
132
130
121
117
125
131
128
122
123
133
137
132
123
123
131
134
126
119
121
129
131
123
118
123
131
130
122
118
125
129
122
108
106
121
144
167
197
241
251
251
251
250
235
169
124
101
95
105
118
123
116
112
117
124
123
115
112
119
126
123
116
115
123
128
123
116
118
127
130
124
117
120
129
131
124
118
123
131
132
124
120
126
133
131
123
121
128
134
131
122
121
129
132
126
118
119
127
129
120
113
117
125
127
120
117
124
132
132
124
120
126
132
128
118
116
123
128
122
114
114
122
126
120
113
115
124
126
119
113
118
126
127
118
114
120
127
125
117
114
121
128
124
115
114
122
127
121
114
114
123
126
119
112
115
124
125
117
112
117
125
124
116
112
119
126
122
114
112
120
127
122
114
114
123
127
120
114
116
124
127
119
113
117
125
126
118
113
119
127
125
116
114
121
127
124
116
115
123
128
122
115
116
125
128
121
115
118
126
128
120
115
120
128
128
119
115
122
129
127
118
116
124
130
126
118
118
127
131
125
118
119
128
130
123
116
120
128
128
120
117
125
134
133
125
120
127
132
129
119
118
125
130
125
117
118
127
130
124
117
120
129
129
117
106
106
117
128
141
171
221
250
251
251
251
250
217
149
108
102
112
121
118
112
113
121
123
115
109
113
121
123
115
110
116
124
123
115
113
120
127
124
116
115
123
129
124
117
117
126
130
124
117
120
129
131
124
118
123
131
131
123
119
125
132
129
120
117
124
129
124
115
114
123
127
121
115
117
127
131
125
118
122
130
130
121
115
120
127
125
116
112
118
124
121
113
112
120
126
121
113
114
123
127
120
114
116
125
127
119
114
118
126
126
118
114
119
127
125
116
114
120
127
122
114
114
122
127
121
113
115
123
126
119
113
116
124
126
118
113
118
126
126
117
114
120
128
125
117
115
122
128
124
116
116
124
128
122
115
117
126
128
121
115
119
128
128
120
115
121
129
127
119
116
124
130
127
119
118
126
131
126
118
119
128
131
124
117
121
129
131
123
118
123
131
130
122
118
125
132
129
121
119
127
132
128
120
120
128
133
127
119
121
130
132
125
119
123
131
131
124
119
124
132
130
121
117
125
132
130
124
125
133
137
131
123
123
131
133
126
119
122
130
132
124
119
124
132
132
123
119
124
128
118
106
107
126
152
181
216
250
251
251
251
250
210
155
126
112
