120
123
125
128
129
129
127
125
122
119
117
116
117
119
122
125
127
129
129
128
125
122
120
118
117
117
119
122
125
128
129
129
128
126
123
120
118
118
118
119
122
125
128
129
130
129
127
123
121
119
117
118
120
122
125
128
130
130
129
127
124
121
119
118
118
119
122
125
127
129
130
129
127
125
122
120
118
118
120
123
126
128
130
131
130
129
126
123
120
119
119
120
123
126
129
130
131
131
129
127
124
121
119
119
120
123
126
129
131
132
131
130
127
124
122
120
120
121
123
126
129
131
132
131
130
127
124
122
120
119
120
122
125
128
130
131
131
129
126
123
121
119
118
119
121
125
128
130
132
134
133
132
130
127
126
125
126
127
130
133
135
135
136
134
132
128
125
123
122
122
123
126
128
130
132
132
131
128
126
123
121
119
120
122
125
128
130
132
132
131
129
126
123
121
120
120
122
124
127
130
132
132
132
130
127
124
121
119
118
118
118
119
120
119
119
118
117
116
116
117
121
128
137
149
163
178
194
210
226
240
250
250
250
251
251
251
251
251
251
251
251
251
250
249
229
201
173
150
132
120
114
110
110
110
110
110
109
109
109
109
110
112
115
119
122
124
126
125
124
121
118
115
113
113
113
115
118
121
123
124
125
123
121
118
115
114
113
113
115
118
121
124
126
126
125
123
120
118
116
115
116
118
120
123
126
128
129
127
125
122
120
118
117
117
119
122
125
128
130
130
129
127
125
122
120
119
119
121
124
127
130
131
132
132
130
127
124
122
121
121
122
125
128
131
133
134
133
131
129
126
123
122
122
123
126
129
131
133
134
134
132
129
127
124
122
122
123
126
129
131
133
134
134
132
129
126
124
122
121
122
125
127
130
132
133
132
130
127
124
121
119
118
118
120
123
125
127
128
128
127
124
121
118
117
116
117
119
122
125
128
130
130
129
127
125
123
122
121
122
125
128
131
133
135
135
134
131
128
126
123
122
122
124
127
129
131
132
132
131
128
125
122
119
118
118
120
122
125
127
129
129
128
126
122
120
118
117
117
118
120
123
126
128
128
128
125
123
120
118
117
117
118
121
124
127
128
129
129
127
124
121
119
118
118
119
121
124
127
129
130
130
128
125
122
119
118
118
119
121
124
127
129
129
129
127
124
122
119
118
117
118
120
123
127
129
130
129
128
125
122
119
117
117
117
120
122
125
127
128
128
126
124
121
118
116
115
116
118
121
124
126
127
127
126
123
120
118
116
115
116
118
120
123
126
127
127
126
123
120
117
116
115
115
117
120
123
125
127
127
126
124
121
118
116
115
116
117
120
123
126
127
128
126
124
121
119
117
116
116
117
120
123
126
127
128
127
125
122
119
117
116
116
117
120
123
126
128
128
128
126
123
120
118
117
116
118
120
124
126
128
129
128
126
124
121
118
117
117
118
120
123
126
128
129
129
127
124
121
119
117
117
118
120
123
126
128
129
129
127
125
122
119
117
117
118
120
122
126
128
129
129
127
125
122
120
118
117
118
120
123
126
128
130
130
129
126
123
120
118
117
118
120
123
126
128
130
130
129
126
123
121
119
118
118
120
123
126
128
130
130
129
127
124
121
119
118
119
120
123
126
129
130
131
130
128
125
122
120
119
119
121
123
126
129
130
131
130
128
125
123
121
119
119
120
123
126
129
131
131
131
129
126
123
121
119
119
121
123
126
129
131
131
131
129
126
123
120
118
118
119
121
124
127
129
129
129
127
125
122
120
119
119
121
124
128
131
134
136
136
134
131
129
126
124
122
123
125
127
130
132
133
132
131
128
124
122
120
119
119
121
124
127
129
130
130
129
126
123
121
119
118
119
121
124
127
129
130
130
129
127
124
121
119
118
119
121
124
127
129
130
130
129
125
121
117
113
109
108
107
109
112
115
118
121
125
128
132
137
145
156
169
185
203
223
242
250
251
251
251
251
251
251
251
251
251
251
251
250
247
228
202
175
151
132
117
108
104
103
105
109
112
116
119
120
120
118
116
114
113
112
113
115
118
120
122
123
122
120
117
114
112
110
110
111
113
116
119
121
122
122
120
117
115
113
111
111
112
114
117
120
122
124
124
122
120
117
115
113
113
114
116
119
122
124
125
126
124
122
119
117
115
114
115
117
120
123
126
127
127
126
124
121
119
117
116
117
119
121
125
127
129
129
128
126
123
120
118
117
118
120
122
125
128
130
130
129
127
124
121
119
118
118
121
123
126
129
130
131
130
128
125
122
120
119
119
120
123
125
128
130
130
129
127
124
121
119
117
117
118
120
123
125
127
127
127
124
121
118
115
114
113
114
116
119
122
124
125
124
122
119
117
114
113
113
115
117
120
124
126
127
128
126
124
122
120
118
118
119
122
125
127
129
130
130
129
126
123
120
118
117
118
120
122
125
127
128
127
126
123
120
117
115
114
115
116
119
121
124
125
125
123
121
118
115
114
113
113
115
118
121
123
125
125
124
122
119
116
114
113
114
116
118
121
124
125
126
125
123
120
117
115
114
114
116
118
121
124
126
126
125
123
120
118
116
114
114
116
118
121
124
126
126
126
124
121
118
116
114
114
116
118
121
124
125
126
125
123
120
117
115
114
114
115
117
120
122
124
125
125
123
120
117
115
114
113
114
117
119
122
124
125
125
123
120
117
115
113
113
114
116
119
121
124
125
124
123
120
117
115
113
113
113
115
118
121
123
125
125
123
121
118
116
114
113
114
116
118
121
124
125
125
124
121
118
116
114
113
114
115
118
121
123
125
125
124
121
119
116
114
113
114
116
118
121
124
126
126
125
123
120
117
115
114
115
116
119
122
124
126
127
126
124
121
118
116
115
115
116
119
122
125
127
127
127
124
121
119
117
115
115
117
119
122
125
127
128
127
125
122
119
117
116
115
117
119
122
125
127
128
127
126
123
120
118
116
116
117
119
122
125
127
128
128
126
123
120
118
116
115
116
119
121
124
127
128
127
126
123
120
118
116
116
117
119
122
125
127
128
128
127
124
121
119
117
116
117
119
122
125
127
128
128
127
125
122
120
118
117
117
120
122
125
127
129
129
128
126
123
120
118
117
117
119
122
125
127
129
130
129
126
124
121
119
118
118
120
122
125
128
130
130
129
127
124
121
119
118
118
120
122
125
128
129
130
129
127
124
121
119
118
118
120
122
125
128
130
130
130
128
125
122
120
118
118
119
122
125
128
130
130
130
128
125
122
120
118
117
118
120
123
126
128
129
128
127
124
122
120
119
119
121
125
128
132
134
136
135
134
131
128
125
123
122
122
124
127
129
131
132
132
130
127
124
121
119
118
119
121
123
126
128
129
129
128
125
123
120
118
117
118
120
123
126
128
130
130
129
127
124
121
119
118
119
121
123
126
128
130
130
128
124
120
115
111
108
106
106
108
111
115
119
124
128
132
136
143
152
163
177
194
213
232
249
250
250
251
251
251
251
251
251
251
251
251
250
249
235
212
186
162
141
125
114
107
105
105
107
111
115
119
121
122
122
119
117
115
113
113
114
116
118
120
122
123
122
120
117
115
112
111
110
111
113
116
119
121
123
122
121
118
116
114
112
112
112
115
118
121
123
124
124
123
120
117
115
114
113
113
116
119
122
124
125
126
124
122
119
117
115
114
115
117
120
123
126
127
128
127
124
121
119
117
116
117
119
122
124
127
129
129
128
126
124
121
119
118
118
120
123
126
129
130
131
130
128
125
122
120
119
119
121
124
127
129
131
132
131
129
126
123
121
120
120
121
124
126
129
131
131
130
128
125
122
119
118
117
118
120
123
125
127
128
127
125
121
118
116
114
114
114
116
119
122
124
124
124
122
119
117
115
113
113
115
117
121
124
127
128
128
127
125
123
120
119
119
120
122
125
128
130
131
131
130
127
124
121
119
118
118
120
123
126
128
129
129
127
124
121
118
116
115
116
118
120
123
125
127
127
125
123
120
117
115
115
115
117
120
123
125
127
127
126
123
120
118
116
115
115
117
120
123
125
127
127
126
124
121
119
117
115
116
117
120
123
126
127
128
127
125
122
120
117
116
116
118
120
123
126
127
128
127
125
122
119
117
116
115
116
119
122
124
126
127
127
124
122
119
117
115
115
116
118
121
124
125
126
126
124
121
118
116
114
114
115
117
119
122
124
125
125
123
121
118
115
114
113
114
116
119
122
125
126
126
124
121
118
116
114
113
114
116
119
122
124
126
125
124
122
119
116
115
114
114
116
119
122
124
126
126
125
122
119
117
115
114
114
116
119
122
124
126
126
125
123
120
118
115
114
115
116
119
122
124
126
127
126
124
121
118
116
115
115
117
120
123
125
127
128
127
125
122
119
117
116
116
117
120
123
125
127
128
127
125
122
119
117
116
116
117
119
122
125
127
128
127
125
122
120
117
116
116
117
119
122
125
127
128
128
126
123
121
118
117
116
117
120
123
126
128
129
128
126
124
120
118
116
116
117
119
122
125
127
129
129
127
125
122
119
117
117
118
120
123
126
128
129
129
128
125
122
120
118
117
118
120
123
126
128
129
130
129
126
123
120
119
118
118
120
123
126
129
130
131
130
127
124
122
119
119
119
121
123
127
129
130
131
130
128
125
122
120
119
119
121
123
127
129
130
131
130
128
125
122
120
119
119
121
124
127
129
131
131
131
128
126
123
120
119
119
121
123
126
129
131
132
131
129
127
124
121
119
119
121
123
126
129
130
131
131
130
127
124
122
120
120
121
123
126
129
131
132
132
130
128
125
122
120
120
121
123
126
129
131
132
132
130
128
125
122
120
120
121
123
126
128
130
131
131
130
127
124
121
119
119
119
122
125
128
131
133
134
133
132
130
128
126
126
126
128
130
133
135
136
136
135
132
129
126
123
122
122
124
126
129
131
132
132
131
128
126
123
120
119
119
121
124
127
129
131
132
131
129
126
123
121
120
120
121
125
127
130
132
133
132
130
127
124
122
120
119
119
120
121
122
121
120
118
115
113
112
112
114
118
127
137
148
161
176
190
205
220
233
247
250
250
251
251
251
251
251
251
251
251
251
250
249
232
205
178
155
138
126
119
115
113
111
110
108
107
107
107
108
111
114
118
121
124
125
125
123
120
117
115
113
112
112
114
117
120
122
123
123
122
120
117
115
113
113
113
115
118
121
123
125
125
124
122
119
116
115
114
114
116
119
122
125
126
127
126
123
120
118
116
115
116
118
120
123
126
128
128
127
125
122
120
118
117
117
119
121
125
127
129
130
130
127
125
122
120
119
119
120
123
126
129
131
132
131
129
127
124
122
120
120
121
124
127
130
131
132
132
130
127
125
122
121
120
122
124
127
129
131
132
132
130
127
124
122
120
119
120
123
125
128
130
131
130
128
125
122
119
117
117
117
119
122
124
126
127
127
125
122
119
116
114
113
114
116
119
122
124
126
126
126
123
121
119
118
117
118
121
124
127
130
132
132
131
129
126
123
121
120
120
122
125
127
130
131
131
129
127
124
121
118
117
117
119
121
124
126
128
128
127
124
121
118
116
115
115
116
119
122
124
126
127
126
123
121
118
116
115
115
116
119
122
124
126
127
127
125
122
119
117
116
116
117
120
123
126
127
128
128
126
123
120
118
116
116
117
120
122
125
126
128
128
126
123
120
117
116
115
116
119
122
125
127
128
128
126
123
120
117
116
115
116
118
121
124
126
127
127
125
123
120
117
115
114
115
117
120
122
125
126
126
124
121
119
116
114
113
114
116
119
122
124
126
126
125
122
119
116
115
114
114
116
119
122
124
126
126
125
122
119
117
115
114
114
116
118
121
124
126
126
125
123
120
117
115
114
115
116
119
122
125
126
127
126
124
121
118
116
115
115
116
119
122
124
126
127
126
124
121
118
116
115
115
116
119
122
124
126
127
127
124
122
119
117
115
115
116
119
122
124
126
127
127
125
122
119
117
115
115
116
118
121
124
126
128
127
126
123
120
118
116
116
117
119
122
125
127
128
128
127
124
121
119
117
116
117
119
122
125
127
129
129
127
125
122
119
118
117
117
119
122
125
127
129
129
128
125
122
120
118
117
117
119
122
125
127
128
129
127
125
122
120
117
117
117
119
122
124
127
128
129
128
126
123
120
118
117
117
118
121
124
127
128
129
128
126
123
120
118
117
117
118
121
124
127
129
130
129
127
124
121
119
118
118
119
121
125
127
129
130
129
128
125
122
120
118
118
119
122
125
127
129
130
130
128
125
123
120
119
118
119
122
125
128
130
131
130
129
126
123
121
119
118
119
121
124
127
128
129
129
127
124
121
119
117
117
118
121
124
128
131
133
134
133
132
129
127
125
124
124
126
128
131
133
133
133
132
129
126
123
120
119
120
121
124
127
129
130
130
129
127
123
121
119
118
118
120
123
126
128
129
130
129
127
124
121
119
117
118
119
122
125
128
129
130
129
126
123
120
117
115
113
113
113
113
114
114
115
115
115
115
117
119
125
133
144
158
174
191
209
226
242
250
250
251
251
251
251
251
251
251
251
251
251
250
246
223
195
168
145
127
116
111
109
110
111
113
114
115
114
113
112
111
111
113
115
118
120
122
123
122
120
117
114
112
110
109
110
112
115
117
119
121
121
120
117
114
112
110
110
111
113
116
119
121
122
123
121
119
116
114
112
112
112
114
117
120
122
124
125
124
121
118
116
114
114
114
116
119
122
125
126
127
126
124
121
119
117
116
116
118
121
124
127
128
129
128
126
123
120
118
117
117
119
122
125
127
129
130
129
127
125
122
119
118
118
120
123
126
128
130
131
130
128
126
123
121
119
119
120
123
126
128
130
131
130
129
126
123
120
118
118
119
121
124
126
128
129
128
126
123
120
117
115
114
115
117
119
122
124
125
124
123
120
117
114
113
112
113
115
118
121
124
126
126
125
123
120
118
117
117
118
120
123
127
129
130
130
129
126
123
120
119
117
118
120
122
125
127
128
128
127
124
121
118
116
115
115
116
119
122
124
125
126
124
122
119
117
114
113
113
115
118
121
123
125
125
124
122
119
116
115
113
114
115
118
121
123
125
126
125
123
120
117
115
114
114
116
118
121
124
126
127
126
124
121
118
116
115
115
116
118
121
124
126
127
126
124
121
118
116
115
114
116
118
121
124
126
127
126
125
122
119
117
115
115
115
118
120
123
125
126
126
124
122
119
116
114
114
115
117
119
122
125
126
126
124
121
119
116
114
114
114
116
119
122
124
125
125
124
121
118
116
114
113
114
116
118
121
123
125
125
124
122
119
116
115
114
114
116
119
121
124
126
126
125
123
120
118
115
115
115
117
119
122
125
127
127
126
124
121
118
116
115
115
117
119
122
125
127
127
126
124
122
119
117
115
115
117
119
122
125
127
127
127
125
122
119
117
115
115
116
119
122
125
127
128
127
125
122
119
117
116
116
117
119
122
125
127
128
128
126
123
120
118
116
116
117
119
122
125
127
128
128
126
123
121
118
117
116
117
119
122
125
127
128
128
127
124
121
119
117
117
118
120
122
125
128
129
129
128
125
122
120
118
117
118
120
123
126
128
129
129
128
126
123
120
118
118
118
120
123
126
128
130
130
129
126
123
120
119
118
118
120
122
126
128
130
130
129
127
124
121
119
118
118
120
123
126
128
130
131
130
128
125
122
120
119
119
120
123
126
128
130
131
130
128
125
123
121
119
119
121
123
126
129
131
132
131
129
127
124
121
120
120
121
123
127
129
131
132
132
130
127
124
122
120
120
121
123
127
129
131
132
132
130
128
125
122
121
120
121
123
126
128
130
131
131
129
127
123
121
119
118
119
121
124
127
130
131
132
131
129
128
126
125
125
126
129
131
134
135
137
137
135
132
129
126
124
123
123
125
127
129
131
132
132
131
129
126
123
120
119
120
122
124
127
130
131
132
131
128
126
123
121
120
120
122
125
128
130
132
132
131
130
127
124
122
120
120
122
124
125
127
127
125
122
118
113
110
108
108
111
116
123
132
141
152
163
175
187
199
212
227
242
250
250
251
251
251
251
251
251
251
251
251
250
249
237
214
189
168
151
138
128
121
116
112
109
107
107
108
111
115
119
122
125
127
126
125
122
118
116
114
113
113
115
118
120
123
124
124
122
119
117
114
113
112
113
115
118
120
123
124
124
123
121
118
115
114
113
113
116
118
121
124
126
126
125
123
120
117
116
115
116
118
121
124
127
128
129
128
125
122
120
118
117
117
119
122
125
128
129
130
129
127
124
121
119
118
119
121
123
126
129
131
132
131
129
126
123
121
120
121
122
125
128
131
132
133
133
131
128
125
123
121
121
123
125
128
131
132
133
133
131
128
125
123
121
121
122
124
127
130
131
132
132
130
127
124
121
119
118
119
121
124
126
128
129
128
126
123
120
117
116
115
116
118
120
123
126
127
127
126
123
121
119
117
117
118
120
124
127
130
131
132
131
128
126
123
121
121
121
123
126
129
131
132
132
131
128
125
122
120
119
119
121
124
126
128
129
129
128
125
122
119
117
116
116
118
121
123
126
128
128
127
124
122
119
117
116
116
118
120
123
126
128
128
128
126
123
120
118
117
117
119
121
125
127
129
130
129
127
124
122
119
118
118
119
122
125
128
129
130
130
128
125
122
120
118
118
119
122
125
128
130
130
130
128
125
122
119
118
117
118
121
124
126
129
129
129
127
124
122
119
117
116
118
120
123
125
127
128
128
126
124
121
118
117
116
117
119
122
125
127
128
128
126
124
121
118
117
116
117
119
122
124
126
128
128
126
124
121
118
117
116
116
118
121
124
126
128
128
127
124
121
119
117
116
117
118
121
124
126
128
128
127
125
122
119
118
116
117
118
121
124
127
128
129
128
125
123
120
118
117
117
119
121
124
127
128
129
128
126
124
121
118
117
117
118
121
124
127
128
129
129
127
124
121
119
118
118
119
121
124
127
129
130
129
127
125
122
120
118
118
119
122
124
127
129
130
130
128
125
122
120
118
118
119
121
124
127
129
130
130
128
125
122
120
118
118
119
121
124
127
129
130
130
128
126
123
121
119
118
119
121
124
127
129
130
130
129
126
123
121
119
118
119
121
124
127
129
131
131
129
127
124
122
120
119
119
121
124
127
129
130
131
129
127
124
122
120
118
119
121
124
127
129
131
131
130
128
125
123
120
119
119
121
124
127
129
131
132
131
129
126
123
121
119
120
121
124
127
129
131
132
131
129
127
124
122
120
120
122
124
127
130
132
132
132
130
127
124
122
120
120
121
124
127
129
131
131
130
128
126
123
120
119
119
120
123
126
129
132
133
134
133
132
130
128
126
126
126
129
131
133
135
136
135
134
130
127
124
122
121
122
124
126
129
131
132
131
130
127
124
122
120
119
120
122
125
128
130
131
131
130
127
124
122
120
119
119
122
124
127
130
131
132
130
128
125
122
120
118
117
118
119
119
120
119
118
116
114
112
112
114
117
123
132
143
156
171
186
202
217
231
245
250
250
251
251
251
251
251
251
251
251
251
251
250
236
210
182
158
139
126
118
114
112
112
111
110
109
109
108
109
110
113
115
119
122
124
125
124
122
119
116
114
112
111
112
114
117
120
121
123
123
121
118
115
113
111
111
112
115
117
120
122
124
124
122
120
117
114
113
113
114
116
119
122
124
126
125
124
122
119
116
115
114
115
117
120
123
125
127
127
126
123
121
118
116
116
116
119
121
124
127
128
129
128
126
123
120
118
117
118
120
123
126
128
130
130
129
127
124
121
119
118
119
120
123
126
129
130
131
130
128
125
122
120
119
119
121
124
126
129
130
131
130
128
125
122
120
118
119
120
123
125
128
129
129
129
126
123
120
117
116
116
117
119
121
124
126
126
125
123
120
117
115
114
114
114
117
120
123
125
126
126
125
123
120
118
117
117
119
121
125
128
130
131
131
129
127
124
121
119
118
119
121
124
127
128
129
129
127
124
121
118
116
116
116
118
121
123
125
126
126
124
122
119
116
114
113
114
116
119
121
124
125
125
124
121
119
116
114
114
114
116
119
122
124
126
126
125
123
120
117
115
115
115
117
120
122
125
126
127
126
123
121
118
116
115
115
117
120
123
125
127
127
127
125
122
119
117
115
115
117
119
122
125
126
127
126
124
121
118
116
115
115
116
118
121
124
126
126
126
124
121
118
115
114
113
115
117
120
123
124
125
125
123
120
117
115
113
113
114
117
119
122
125
125
125
123
120
118
115
114
113
114
116
119
122
124
125
125
123
120
118
115
114
113
114
116
119
122
124
125
125
124
121
118
116
114
113
114
116
119
121
124
125
125
124
122
119
116
115
114
114
116
119
122
124
126
