116
115
118
124
128
127
122
116
115
119
125
128
127
121
116
115
119
125
129
127
121
116
116
121
127
130
127
121
117
116
122
128
130
127
121
117
118
123
128
130
126
120
116
118
123
129
130
126
120
117
119
125
130
130
126
120
117
120
126
130
131
126
120
118
121
127
131
131
126
120
118
122
128
131
131
125
120
118
123
129
132
131
125
120
119
124
130
133
131
125
120
120
125
131
133
130
125
120
120
126
131
133
130
124
120
121
127
132
134
130
124
120
121
127
132
133
129
123
119
121
127
132
132
127
121
119
122
129
134
135
132
128
125
128
133
137
136
130
124
121
125
130
133
132
126
121
119
123
129
133
131
125
120
120
124
130
133
131
125
121
120
124
128
127
119
111
107
111
124
142
160
180
201
227
250
251
251
251
251
251
248
209
167
138
122
112
106
106
111
119
126
127
122
116
113
115
120
125
125
119
114
112
115
121
125
125
120
115
113
117
123
127
126
121
116
115
120
126
129
128
123
118
117
122
128
131
129
123
119
119
124
130
132
130
124
120
120
125
131
133
129
123
119
120
126
131
132
128
122
118
119
124
129
129
124
118
114
116
121
126
125
120
114
111
114
120
125
126
122
117
116
121
128
132
132
127
122
120
123
128
132
130
125
119
117
121
126
129
127
121
116
115
120
126
129
126
120
116
115
121
127
129
127
121
116
117
122
127
129
126
120
116
117
123
128
129
126
119
116
118
123
128
129
124
118
115
116
123
127
128
123
117
114
117
122
127
127
122
116
114
117
123
127
126
121
116
114
118
124
128
127
121
116
114
119
124
128
127
120
116
115
120
126
129
126
120
115
115
120
126
128
126
120
116
116
121
127
129
126
119
116
117
122
128
129
126
120
116
118
124
129
130
125
120
116
119
125
129
130
125
119
117
120
126
130
130
125
120
117
121
127
131
130
125
120
118
122
127
131
130
125
120
119
123
129
132
130
124
119
118
123
129
132
129
124
119
119
125
130
132
130
124
119
120
125
131
132
129
123
119
120
126
131
132
128
122
118
120
126
131
131
127
121
119
122
129
135
137
133
128
125
127
132
135
135
129
123
120
123
129
132
131
125
120
118
121
128
131
130
124
119
118
122
128
131
129
124
119
118
121
124
123
116
110
108
113
129
148
170
192
215
241
250
251
251
251
251
250
230
180
143
121
111
105
101
102
108
117
124
125
121
115
112
113
119
124
124
119
114
111
114
120
125
125
120
115
113
116
122
127
126
121
116
114
118
125
129
128
122
117
116
121
127
130
128
123
118
118
123
129
131
129
124
119
119
125
130
132
129
124
119
120
125
130
132
128
121
117
118
124
128
129
124
118
114
115
120
124
124
119
113
110
113
119
125
126
122
117
116
120
127
132
131
126
120
118
121
127
130
128
122
117
115
118
124
127
125
119
114
113
117
123
126
124
118
114
113
118
124
127
124
118
114
114
119
125
127
124
118
114
115
120
125
127
124
118
114
115
121
126
127
123
117
113
115
121
125
126
121
115
113
115
120
125
125
120
115
112
115
120
125
124
119
114
112
115
121
125
125
119
114
113
116
122
126
125
119
114
113
117
123
126
124
118
114
113
118
124
127
124
118
114
114
119
124
127
124
118
114
115
120
125
127
123
117
114
115
121
126
127
123
118
114
116
122
127
128
123
118
115
117
123
128
128
123
118
115
118
124
128
128
123
117
116
119
125
129
128
122
117
115
119
125
129
127
122
117
116
121
127
130
128
122
117
117
122
127
130
127
121
117
117
123
128
130
127
121
117
117
122
127
129
125
120
116
118
125
131
134
131
126
123
124
129
133
133
129
122
119
121
126
130
130
124
118
116
119
125
129
129
124
118
116
120
126
130
129
124
118
116
119
123
122
116
108
105
108
121
140
161
183
206
232
250
251
251
251
251
251
243
199
158
132
120
112
108
106
110
118
124
126
121
115
111
112
117
122
123
118
113
110
112
118
123
123
119
113
111
114
120
125
125
120
115
113
116
122
127
127
121
116
115
118
125
129
128
122
118
116
121
127
130
129
123
118
118
122
128
132
129
123
119
118
123
129
131
128
122
117
117
122
127
128
124
118
113
114
118
123
124
120
114
110
112
118
123
125
122
117
115
118
124
130
130
126
119
117
119
125
128
128
123
117
115
117
123
127
126
120
115
113
116
122
126
125
119
114
113
117
123
127
125
119
114
114
118
125
128
125
119
115
115
120
126
129
126
120
116
116
121
127
129
125
119
115
116
122
127
128
124
118
115
116
122
127
128
123
117
114
117
122
127
127
123
117
114
117
123
128
127
122
117
114
118
124
128
127
122
117
115
119
125
129
128
122
116
116
119
126
129
127
122
117
116
121
127
130
127
121
117
117
122
128
130
127
121
117
117
123
128
130
127
121
117
118
124
129
130
127
121
117
119
124
130
131
127
121
118
120
126
130
131
126
120
118
121
127
131
131
126
120
118
121
128
132
131
126
120
119
122
129
132
131
125
120
119
123
129
132
130
125
120
119
124
130
133
130
124
119
119
124
130
132
129
124
120
122
128
135
138
135
130
125
125
130
135
136
132
126
122
123
128
133
133
129
123
119
122
128
132
133
128
122
120
123
128
133
132
127
121
118
118
120
120
117
114
115
123
142
167
196
225
248
250
251
251
251
251
250
238
188
145
122
115
115
114
112
111
113
119
125
127
123
117
112
113
117
123
125
121
116
112
114
119
124
126
122
117
114
116
122
127
128
124
118
115
118
124
129
130
126
120
118
121
127
131
131
126
121
119
123
130
133
133
127
122
120
125
130
134
133
127
122
121
125
131
134
131
125
120
119
123
129
131
127
121
116
115
120
125
127
124
118
114
115
121
127
130
128
123
120
121
128
133
134
130
123
120
121
126
131
131
126
120
116
118
123
127
127
122
116
114
117
123
127
127
122
116
114
118
123
128
127
122
117
115
119
126
129
128
122
118
117
121
127
130
128
122
117
116
121
126
129
126
120
116
115
120
126
128
125
118
114
115
120
126
128
124
118
114
115
120
126
127
123
117
114
115
121
126
127
123
117
114
117
122
127
128
123
117
115
118
124
128
128
122
117
115
119
125
129
128
123
117
116
120
126
130
128
123
118
117
121
127
131
129
123
118
117
122
128
131
128
123
118
118
123
129
131
128
122
118
119
124
130
131
128
122
118
119
125
130
131
127
121
118
120
126
131
132
127
122
119
121
127
131
132
127
121
119
121
127
131
130
125
119
117
120
127
131
131
128
124
124
129
134
137
135
129
123
121
125
130
133
130
124
119
118
123
128
131
129
123
118
118
124
129
132
129
123
118
119
125
129
128
120
110
105
107
117
131
145
160
179
204
236
250
251
251
251
251
251
247
206
162
129
108
98
96
102
112
120
122
118
113
111
114
120
123
122
116
111
110
114
120
124
123
117
112
112
116
122
126
124
118
114
113
118
124
127
125
119
115
115
121
127
129
126
120
116
117
123
128
130
127
121
117
118
125
130
131
127
121
118
120
126
130
131
127
120
117
119
125
129
129
123
117
114
116
121
125
124
118
113
111
114
120
125
125
120
116
115
120
127
131
130
124
119
118
122
127
130
127
121
115
114
118
124
126
123
116
112
112
116
122
124
121
115
112
112
117
123
125
121
116
112
114
119
125
126
122
116
113
115
120
125
126
122
116
113
116
122
126
126
121
115
113
116
122
126
125
120
114
113
116
121
125
124
119
114
112
116
122
126
124
118
114
112
116
122
125
123
117
113
113
117
123
126
123
117
113
113
118
124
126
123
117
113
114
119
125
126
123
117
114
115
120
126
127
123
117
114
116
121
126
127
122
116
114
116
122
127
127
122
117
114
118
124
128
128
122
117
115
118
124
129
128
122
117
115
119
126
129
128
122
117
116
121
127
130
128
122
118
117
122
128
130
128
122
118
118
123
129
131
128
122
118
118
124
129
130
126
120
116
117
123
129
130
128
124
122
125
130
135
135
130
124
120
123
128
132
132
126
120
117
120
126
130
130
125
119
117
121
127
131
130
124
119
118
121
127
129
124
114
106
103
110
122
135
149
164
186
217
249
250
251
251
251
251
250
233
190
151
124
109
103
106
114
122
125
122
116
112
112
117
122
123
119
113
110
112
117
122
123
118
113
111
113
119
124
124
120
114
113
116
122
126
126
121
116
114
118
124
129
128
122
117
116
120
127
130
129
124
119
118
122
128
131
130
124
119
119
124
129
132
129
123
119
118
123
128
130
126
120
115
115
120
125
126
121
115
111
112
118
124
126
122
117
115
118
124
130
131
127
121
118
120
126
130
130
124
118
115
118
123
127
127
121
115
113
116
122
126
125
119
115
113
117
123
127
125
120
115
114
119
125
128
126
120
115
115
120
126
129
126
120
116
116
121
127
129
125
119
115
116
121
127
128
124
118
115
116
122
127
128
124
118
114
116
122
127
128
123
117
114
117
122
127
127
122
117
114
117
123
127
127
122
116
114
118
124
128
127
122
117
115
119
125
129
127
122
117
116
120
126
129
127
121
117
116
121
127
130
127
121
117
117
122
128
130
127
121
117
118
124
129
131
127
121
117
119
125
130
131
127
121
117
119
125
130
131
126
120
118
120
126
130
130
126
120
118
121
127
131
131
126
120
119
122
128
132
131
125
120
119
123
129
132
130
125
120
119
123
129
132
130
125
120
119
125
130
133
130
124
120
120
125
131
133
129
123
119
119
125
129
131
128
122
119
121
129
136
138
134
128
124
125
131
135
135
130
124
120
122
128
132
132
127
121
119
122
128
132
132
127
121
120
123
129
133
132
126
120
116
117
118
119
117
116
119
130
152
180
211
240
250
250
251
251
251
251
250
218
167
131
116
115
117
116
113
112
114
120
125
126
122
115
112
113
119
124
125
121
115
112
114
120
125
126
122
116
113
116
122
127
128
123
118
115
119
125
130
130
125
119
118
121
128
132
131
125
120
119
123
129
132
131
126
121
120
124
130
133
131
125
121
120
125
131
133
130
124
119
119
124
129
131
127
120
116
116
121
126
127
123
117
114
116
123
129
131
128
123
121
123
129
134
135
130
124
121
123
128
132
131
126
120
117
119
126
129
129
123
117
116
119
125
129
128
123
117
116
120
126
130
128
122
118
117
121
128
131
128
122
118
117
122
128
131
128
122
117
117
123
128
130
127
121
117
118
123
128
130
126
119
116
117
123
127
128
124
118
115
117
123
128
128
123
117
115
117
123
127
127
123
117
115
118
125
129
128
123
118
116
119
125
129
128
123
118
116
120
127
130
129
123
118
117
121
127
130
128
122
118
117
122
128
131
128
122
117
118
123
128
130
127
121
118
119
124
129
131
128
121
118
119
124
129
131
126
120
118
120
126
130
131
127
121
118
120
127
131
131
126
120
118
122
128
132
131
126
120
119
123
129
133
131
126
121
119
123
129
132
131
125
120
119
123
130
133
131
125
120
120
125
131
133
130
125
120
120
126
131
132
129
123
118
119
124
129
131
128
122
120
123
131
137
138
133
127
123
124
129
133
134
129
122
119
122
127
131
131
126
120
118
122
128
132
131
126
120
119
122
128
132
130
123
115
110
110
115
121
126
131
142
162
194
230
250
251
251
251
251
251
250
237
187
140
110
100
103
111
116
117
115
112
114
119
124
125
120
114
111
112
117
123
124
120
114
111
113
119
124
125
120
115
112
115
121
126
126
121
116
114
117
124
128
127
122
117
116
119
126
130
129
124
119
117
122
128
132
130
124
119
118
123
129
132
129
123
118
118
123
128
130
127
121
116
116
121
126
127
123
116
112
112
117
122
124
120
115
112
115
122
128
130
127
121
119
121
127
131
131
126
120
117
119
124
128
127
121
116
113
116
121
125
124
119
114
112
115
122
125
124
118
114
113
117
123
126
125
119
114
113
118
125
127
125
119
115
115
119
125
128
125
119
114
115
120
125
127
123
117
113
114
119
124
125
121
115
112
113
119
124
125
120
114
112
114
119
124
124
120
114
112
114
120
124
124
119
113
111
115
121
125
124
119
114
112
116
122
125
124
118
113
112
116
122
126
124
118
114
113
117
123
126
124
118
114
113
118
125
127
124
118
114
115
120
125
127
124
117
114
115
120
126
127
123
117
114
116
121
126
127
122
117
114
116
122
127
127
122
117
114
117
123
128
127
122
117
115
118
124
128
128
122
117
115
119
125
129
127
122
117
116
120
126
130
128
122
117
117
122
127
130
127
121
117
117
122
128
130
127
121
117
117
123
128
130
126
120
117
118
124
129
130
125
119
115
117
123
128
129
125
121
120
124
131
135
135
129
123
120
122
128
131
131
125
119
117
120
126
130
129
124
118
117
121
127
130
129
123
118
117
122
128
130
127
117
109
105
108
115
124
131
141
157
183
219
250
250
251
251
251
251
250
240
196
151
119
105
104
111
119
123
120
115
111
112
117
122
122
117
111
109
111
117
121
122
117
112
110
112
118
123
123
118
113
112
115
122
126
125
120
115
114
118
124
127
126
121
116
116
120
127
130
128
122
117
117
122
128
131
128
122
118
118
124
129
132
129
122
118
119
124
129
130
126
120
116
117
122
127
127
122
116
112
114
119
124
124
120
115
112
116
123
128
129
125
119
117
120
126
131
130
124
118
116
119
124
128
126
120
115
113
117
123
126
124
118
114
113
117
123
126
124
118
114
114
119
125
128
125
119
115
115
120
126
128
125
118
115
116
121
126
128
124
118
115
116
121
127
128
124
118
115
116
122
127
128
123
117
114
116
122
127
127
122
116
114
117
123
127
127
121
116
114
117
124
127
127
121
116
115
119
125
128
127
121
116
115
120
126
129
127
120
116
116
121
127
129
127
121
116
116
122
127
129
126
120
117
117
123
128
130
127
121
117
118
124
129
130
126
120
