179
202
230
250
251
251
251
251
251
251
251
250
234
199
164
134
113
101
97
98
104
111
117
120
119
115
112
110
111
115
119
122
122
119
114
111
109
111
114
119
122
123
120
115
112
110
112
116
121
124
125
121
117
113
112
114
119
123
127
127
124
119
116
115
117
121
126
128
128
126
120
117
116
118
122
127
130
130
126
122
118
117
120
124
129
131
131
128
123
119
118
121
125
130
132
131
128
123
119
118
120
125
129
131
130
126
121
117
116
118
122
126
128
126
122
117
114
113
115
119
124
126
126
122
118
116
116
119
124
129
132
131
127
123
120
119
121
126
130
131
129
125
120
116
116
118
122
126
128
126
121
116
113
113
115
120
123
125
123
119
115
112
112
115
120
124
126
124
120
115
113
113
116
121
125
127
125
121
116
114
114
117
122
126
127
125
121
116
114
114
117
122
126
127
125
120
116
114
114
117
122
126
127
125
120
116
113
114
117
122
125
127
124
120
115
113
114
117
122
125
126
124
119
115
113
113
117
122
125
126
124
119
115
113
114
118
123
126
127
124
120
116
114
115
118
123
126
127
124
120
116
114
115
119
124
127
127
125
120
116
114
115
119
124
127
128
125
120
116
115
116
120
125
128
128
125
120
117
115
117
121
125
128
128
125
121
117
115
117
121
126
128
128
125
120
117
115
117
121
126
129
128
125
120
117
115
117
122
126
129
129
125
120
117
116
118
122
127
129
129
125
120
117
116
118
122
127
129
129
125
120
117
116
119
123
128
130
129
125
120
117
116
118
122
126
128
127
124
119
116
116
120
126
131
135
134
131
127
123
122
124
128
132
133
132
128
123
119
118
121
125
129
130
129
125
120
117
117
119
124
128
130
129
125
120
117
117
120
125
129
130
129
124
119
115
112
112
113
115
116
116
116
117
124
136
153
176
201
226
247
250
250
251
251
251
251
250
250
246
211
172
139
119
111
111
114
116
116
115
113
112
112
116
120
123
124
122
117
113
110
110
114
118
122
123
121
117
113
111
111
115
120
123
124
122
118
114
112
113
117
121
125
126
124
120
116
114
115
119
124
128
128
127
122
118
116
117
121
126
130
130
128
123
119
117
119
123
128
131
132
129
124
121
119
120
124
129
132
132
129
125
121
119
120
125
129
132
132
128
123
119
117
118
122
126
128
128
124
119
115
113
114
119
123
125
125
122
117
114
113
115
120
125
128
129
127
122
119
118
121
125
130
132
132
128
123
119
118
120
124
128
130
129
125
120
116
115
117
121
125
128
127
123
118
115
114
116
121
125
128
127
123
119
115
115
117
122
126
129
128
124
119
116
115
118
122
127
129
128
124
119
116
115
118
123
127
129
128
124
119
116
115
118
123
127
128
127
123
118
115
115
117
122
126
128
126
122
118
115
114
117
122
126
127
126
121
117
114
114
117
121
125
127
125
121
117
114
114
117
122
126
127
126
122
117
115
115
118
123
127
128
126
121
117
115
115
119
123
127
128
126
122
117
115
115
119
124
127
129
127
122
118
116
116
120
125
128
129
127
122
118
116
117
120
125
129
130
127
123
119
116
117
121
126
129
130
128
123
119
117
117
121
126
129
130
128
123
119
117
118
122
127
130
131
128
123
119
117
119
123
127
130
131
128
124
120
118
119
123
128
131
131
129
124
120
118
120
124
128
131
131
129
124
120
118
120
124
129
132
132
129
124
120
119
120
125
129
132
132
129
124
121
119
121
125
130
132
132
129
125
121
120
122
126
130
133
132
129
124
120
119
120
125
129
132
131
128
125
122
121
125
131
135
138
138
134
129
125
124
126
130
134
136
135
131
126
122
121
123
127
131
133
131
128
123
119
119
121
126
130
132
131
127
122
119
118
121
126
130
132
131
126
120
115
111
111
112
116
120
122
125
129
138
152
173
198
225
249
250
251
251
251
251
251
251
250
248
217
177
143
119
108
106
110
114
119
120
118
115
113
114
116
121
124
125
123
119
114
111
111
115
119
123
124
123
119
115
112
113
116
121
125
126
124
120
116
114
114
118
123
127
128
127
122
118
116
116
120
125
129
130
128
124
120
117
118
122
127
131
132
130
126
122
119
120
124
129
132
133
131
126
122
120
121
125
130
133
134
131
126
122
120
121
125
129
132
132
129
125
120
118
119
123
127
129
129
126
121
117
114
115
119
123
126
127
124
119
116
114
117
121
127
131
132
130
126
122
121
123
127
132
134
134
131
126
121
120
121
125
129
131
130
127
122
118
116
118
122
126
128
128
124
120
116
115
117
121
126
128
128
125
120
117
116
118
123
127
130
129
126
121
117
117
119
123
128
130
129
126
121
117
116
119
123
128
130
129
125
121
117
116
118
123
127
129
128
124
120
116
116
118
123
127
129
128
124
119
116
115
117
122
126
128
127
123
118
115
115
117
122
126
128
126
122
118
115
115
117
122
126
128
127
122
118
115
115
118
122
126
128
127
123
118
115
115
118
123
127
129
127
123
118
116
116
119
124
128
129
127
123
118
116
116
119
124
128
129
127
123
119
116
117
120
125
128
130
128
124
119
117
117
121
126
129
130
128
123
119
117
117
121
126
129
130
128
124
119
117
118
122
127
130
131
128
124
120
117
118
122
127
130
131
129
124
120
117
119
122
127
131
131
129
125
121
118
120
124
128
131
131
129
124
120
118
119
124
128
131
132
129
125
121
119
120
124
129
132
132
129
124
120
118
119
123
128
130
130
127
123
119
118
120
126
132
136
137
135
130
126
124
125
128
132
134
133
130
125
121
119
121
125
129
132
131
128
123
119
118
120
125
129
132
131
128
123
119
118
120
125
129
131
131
127
122
117
113
113
114
115
117
118
118
119
125
135
152
174
199
224
247
250
250
251
251
251
251
251
251
249
219
176
140
116
105
103
106
109
110
110
109
109
110
113
118
123
125
123
119
115
111
111
114
118
123
125
123
119
115
113
112
115
120
124
126
125
121
117
114
114
117
122
126
128
127
123
119
116
116
119
124
128
130
129
125
121
118
118
121
126
130
131
130
126
121
119
119
123
128
132
133
131
127
122
120
120
124
128
132
133
131
127
123
120
120
124
128
131
132
130
126
121
118
118
121
125
128
129
126
121
117
114
115
118
122
125
126
123
119
116
114
115
119
125
129
131
129
126
122
120
121
126
130
133
134
131
126
121
119
120
123
127
129
129
126
121
116
114
115
119
123
126
126
123
118
114
113
114
117
122
125
126
122
118
115
113
115
119
123
126
127
123
119
115
114
115
120
124
127
127
124
119
116
114
116
120
125
127
127
124
119
116
114
116
120
124
127
126
123
118
115
113
115
119
123
126
125
122
117
113
112
114
119
123
125
124
120
116
112
111
113
118
122
124
124
120
116
112
111
114
119
123
125
124
121
116
113
112
115
119
123
126
125
121
116
113
113
115
119
124
126
125
121
116
113
113
115
120
124
126
125
121
116
113
113
116
120
124
126
125
121
117
114
113
116
121
125
127
125
121
117
114
114
117
122
126
127
126
122
117
114
114
118
122
126
128
126
122
118
115
115
118
123
127
128
127
122
118
115
115
118
123
127
128
127
122
118
116
116
119
124
128
129
127
122
118
116
116
120
125
128
129
127
123
119
116
117
120
125
129
130
128
123
119
117
117
121
126
129
130
128
123
119
117
118
121
126
130
130
128
123
119
117
118
122
127
130
131
128
123
119
117
118
122
126
129
129
126
121
117
115
117
121
126
130
131
129
127
124
122
124
128
132
134
134
131
126
122
119
120
124
128
131
131
128
122
118
117
118
122
127
129
129
126
122
118
117
118
122
127
130
130
127
122
118
117
118
121
124
123
120
113
107
104
105
111
123
137
152
168
185
203
224
245
250
251
251
251
251
251
251
250
233
198
166
143
128
118
111
107
105
106
111
117
122
125
124
120
115
111
110
112
116
120
122
121
118
113
110
109
112
117
121
123
122
119
115
111
111
114
118
122
125
124
120
116
113
113
116
121
125
127
126
122
118
115
114
117
122
127
129
128
124
120
117
117
120
125
129
130
129
125
121
118
118
121
126
130
132
130
126
121
118
118
122
126
130
131
130
126
121
118
118
121
126
129
130
128
123
118
115
115
118
122
125
126
124
119
114
112
112
115
120
124
126
125
121
118
116
117
121
127
131
132
130
126
121
118
119
122
126
129
130
127
122
117
115
115
118
123
126
126
123
119
114
112
113
116
121
124
125
122
118
114
112
112
116
121
124
125
123
118
114
112
114
117
122
126
127
124
120
116
114
116
119
124
127
128
125
120
117
115
116
120
125
128
128
125
120
116
115
116
120
124
127
127
124
120
116
114
116
119
124
127
127
123
119
115
114
115
119
123
126
126
123
118
115
113
115
120
124
127
127
123
118
115
114
116
120
125
127
127
123
119
115
114
116
120
125
127
127
123
119
115
114
116
121
125
128
127
124
119
116
115
117
122
126
128
127
124
119
116
115
118
122
127
129
128
124
120
117
116
118
123
127
129
128
124
120
117
116
119
123
127
129
128
124
120
117
116
119
124
128
129
128
124
120
117
117
120
124
128
130
129
125
121
118
117
121
125
129
131
129
126
121
118
118
121
126
130
131
130
126
121
119
119
122
127
130
132
130
126
122
119
119
122
127
130
132
130
126
122
119
119
123
127
131
132
131
126
122
119
120
124
128
131
133
131
127
123
120
121
124
129
132
133
131
127
123
120
121
124
129
132
133
131
127
122
120
121
125
129
132
133
131
127
123
120
121
125
130
133
134
132
127
123
121
122
126
130
134
134
132
127
123
121
122
127
131
134
134
132
127
123
121
122
126
130
133
133
130
125
122
119
122
127
131
135
136
135
132
128
127
128
131
135
138
137
134
129
125
122
124
128
132
134
134
131
126
122
120
122
126
131
133
133
130
126
122
120
123
127
131
134
134
131
126
123
121
122
125
127
126
123
117
112
110
112
120
133
149
167
185
203
222
242
250
251
251
251
251
251
251
251
247
217
183
155
137
127
120
115
111
110
111
115
121
126
128
127
122
117
114
113
115
119
123
125
124
120
116
113
112
115
120
124
126
125
121
117
114
114
117
122
126
128
127
123
119
116
116
119
124
128
130
129
125
120
117
117
121
125
129
131
130
126
122
119
119
122
127
131
133
131
127
123
120
121
124
129
132
133
132
128
123
121
121
124
129
133
134
132
128
123
120
120
123
128
131
132
130
125
120
118
117
121
125
128
128
126
121
117
114
114
118
123
126
128
127
123
119
118
119
124
129
133
134
132
128
124
122
122
126
130
133
133
130
125
120
117
118
121
126
128
129
126
121
117
115
115
119
124
127
128
125
121
117
115
116
120
125
128
128
125
121
117
115
116
121
125
128
129
126
121
117
116
117
122
127
129
130
127
122
118
116
118
122
127
130
130
127
122
118
116
118
122
126
129
129
126
121
117
116
118
122
126
129
129
125
120
116
115
116
121
125
128
128
124
119
116
115
117
121
126
128
128
124
119
116
115
117
122
126
129
128
125
120
116
115
117
122
127
129
128
125
120
116
115
118
122
127
129
129
125
120
117
116
119
123
128
130
129
125
120
117
117
119
124
128
130
129
125
120
117
116
119
124
128
130
129
125
121
118
117
120
125
129
130
129
125
120
117
117
120
125
129
131
129
125
121
118
118
121
126
130
131
129
125
120
118
118
121
126
129
131
129
125
121
118
118
122
127
130
131
130
125
121
118
119
122
127
131
132
130
126
121
119
119
122
127
131
132
130
125
121
118
119
123
128
131
132
130
125
121
119
120
124
128
131
132
130
126
122
119
120
124
128
132
133
130
126
122
119
120
124
129
132
132
130
125
121
118
119
123
127
131
131
129
125
121
121
123
129
134
137
137
134
130
125
123
124
127
131
134
134
130
125
121
119
120
124
129
131
132
129
124
121
119
121
125
130
132
132
129
124
120
119
121
125
129
132
130
125
118
111
107
107
112
119
127
134
141
150
163
182
207
235
250
251
251
251
251
251
251
251
250
239
203
166
135
113
101
96
99
105
112
118
120
119
116
113
112
114
118
123
125
124
120
115
112
111
114
118
123
125
124
120
116
113
113
115
120
125
127
126
122
118
115
114
117
122
126
129
128
124
120
116
116
119
124
128
130
129
126
121
119
118
121
126
130
132
131
127
123
120
120
123
128
131
133
132
128
124
121
121
124
129
133
134
132
128
124
121
121
124
129
132
133
131
127
122
119
118
121
126
129
130
128
123
118
115
115
118
122
126
127
126
121
118
115
117
121
127
131
133
131
127
123
120
121
125
129
132
132
130
125
120
117
117
120
125
127
128
125
120
115
113
113
116
121
124
125
122
118
114
112
113
116
121
124
125
123
118
115
113
114
118
122
126
126
124
119
115
114
115
119
123
127
127
124
119
115
114
115
119
124
127
127
124
119
116
114
115
119
124
127
127
124
119
115
113
114
118
123
125
125
122
117
114
112
114
118
122
125
125
121
117
113
112
114
118
122
125
125
122
117
113
112
114
118
123
125
125
121
117
113
113
115
119
123
126
125
121
117
113
112
115
119
123
126
125
121
117
114
113
115
119
124
126
125
121
117
114
113
116
120
124
127
125
122
117
114
113
116
120
125
127
126
122
117
114
114
116
121
125
127
126
122
118
115
114
117
121
126
127
126
122
118
115
115
117
122
126
128
126
122
118
115
115
118
123
127
129
127
123
118
115
115
119
123
127
129
127
123
118
116
116
119
124
127
129
127
123
118
116
116
120
125
128
130
128
124
119
117
117
120
125
129
130
128
124
119
117
117
121
126
129
130
128
124
119
117
118
121
126
129
130
128
123
119
116
117
120
125
128
128
126
122
118
116
118
124
129
134
135
133
129
124
122
122
126
130
132
132
129
125
120
118
119
122
127
129
130
127
122
118
116
118
121
126
129
130
127
122
118
117
118
122
127
130
130
127
121
116
112
110
111
112
114
115
115
117
122
133
150
172
199
226
249
250
251
251
251
251
251
251
251
249
223
183
147
123
111
110
112
116
117
116
114
112
111
113
117
121
123
122
118
113
110
108
110
114
119
121
120
117
113
110
109
111
115
120
123
122
119
115
112
111
114
118
123
125
125
121
117
114
113
115
120
125
127
126
123
118
115
115
118
122
127
129
128
124
120
117
117
120
125
129
131
130
126
121
118
118
121
126
130
132
130
127
122
119
118
121
126
130
131
130
126
121
118
117
120
124
128
129
127
123
118
115
114
117
121
125
126
124
120
116
113
114
117
122
127
129
127
124
120
118
118
122
126
130
131
128
124
119
116
116
119
123
126
127
125
120
115
113
113
116
120
123
124
122
117
114
111
111
115
119
123
124
122
117
113
111
112
116
121
124
126
123
119
115
113
114
118
123
126
127
125
120
116
114
115
118
123
126
127
124
120
116
114
115
119
123
127
127
124
119
116
114
115
119
123
126
126
123
119
115
113
115
119
123
126
126
123
118
114
113
114
119
123
125
126
122
118
114
113
114
118
123
126
126
122
118
114
113
114
118
123
126
126
122
118
115
113
115
120
124
127
127
123
119
115
114
116
121
125
128
127
124
119
116
115
117
121
126
128
128
124
120
116
115
117
122
126
129
128
124
120
117
115
118
122
127
129
128
125
120
117
116
119
123
127
129
128
125
120
117
116
119
123
127
129
128
125
120
117
116
119
124
128
130
129
125
120
117
117
120
124
128
130
129
125
120
117
117
120
124
128
130
129
125
120
117
117
120
125
129
131
129
125
121
118
118
121
126
130
131
130
125
121
118
118
122
126
130
131
130
125
121
118
118
122
127
130
131
130
125
121
119
119
122
127
131
132
130
126
122
119
119
123
128
131
132
130
126
122
119
120
124
128
132
133
130
126
121
119
120
123
128
131
132
129
125
120
118
119
123
128
131
133
132
129
126
125
126
130
134
137
137
134
129
125
122
123
126
131
133
133
130
126
121
119
121
124
129
132
132
130
125
121
119
121
125
129
132
133
130
125
121
119
120
124
127
127
124
117
111
107
107
113
123
137
151
167
183
201
220
241
