126
130
133
135
135
133
129
125
122
120
122
125
129
131
132
131
128
124
120
118
119
122
127
130
132
131
129
125
121
119
119
121
125
129
132
132
130
126
122
119
117
116
118
119
119
118
116
115
113
115
120
129
143
160
180
200
221
239
250
250
251
251
251
251
251
251
251
251
249
225
191
160
137
125
119
118
118
118
116
114
112
112
113
116
120
124
125
125
122
117
113
111
111
113
116
120
123
123
121
118
114
111
111
112
115
120
123
125
124
121
117
114
112
113
116
120
124
126
126
124
120
117
114
115
117
121
125
127
128
126
123
119
116
115
117
121
125
128
130
129
126
122
118
117
118
121
125
129
131
130
128
124
121
118
118
120
124
129
131
132
130
127
123
120
119
120
124
128
131
132
131
128
123
120
118
118
120
124
127
129
128
126
121
117
114
114
115
119
122
125
125
123
119
115
112
111
113
116
121
125
127
127
124
121
118
118
118
122
127
131
132
132
130
126
122
119
119
121
124
128
130
131
129
125
121
117
116
117
120
124
127
128
128
124
120
117
115
115
118
122
126
128
128
125
121
118
115
115
117
121
125
128
129
127
123
119
117
115
117
120
124
127
129
128
125
121
118
116
116
119
123
127
129
129
127
122
119
116
116
118
122
126
129
129
128
124
120
117
115
116
120
124
126
128
127
124
120
116
115
115
117
121
125
127
127
125
121
117
115
114
116
120
124
127
127
126
122
118
115
114
115
119
123
126
128
127
124
120
116
114
115
118
121
125
127
128
125
121
118
115
115
117
121
125
128
128
127
123
120
117
115
116
120
124
127
129
128
125
121
117
115
116
119
123
126
129
129
126
123
119
117
116
118
122
126
129
130
128
124
120
117
116
117
121
125
128
130
130
127
122
119
117
117
120
124
128
130
131
128
124
121
118
117
119
123
127
130
131
130
126
122
119
118
118
122
126
129
131
130
127
123
120
118
118
121
125
129
131
131
129
125
121
119
118
120
124
128
131
132
130
127
123
120
118
119
123
127
130
132
132
129
125
121
119
119
122
126
130
132
132
130
126
123
120
119
121
125
129
132
133
131
128
124
121
120
121
124
128
132
133
133
130
126
122
120
120
123
127
131
133
133
131
127
123
120
119
121
125
129
131
132
131
127
123
120
118
120
123
128
132
134
135
133
130
128
126
126
129
132
135
137
137
134
130
126
123
122
123
127
130
133
134
132
128
124
121
119
120
123
127
130
132
132
129
125
121
119
119
122
126
129
132
132
131
127
123
120
119
121
124
127
128
127
123
116
111
107
106
109
117
127
138
150
163
175
190
206
225
246
250
251
251
251
251
251
251
251
251
249
232
201
172
148
131
118
110
104
101
101
105
110
116
121
125
125
122
118
115
112
112
114
118
121
124
124
122
118
114
111
111
113
116
120
123
125
123
120
117
114
112
113
116
120
124
126
126
123
120
116
114
114
117
121
125
128
129
127
123
119
117
116
118
122
126
130
131
130
126
122
119
117
119
122
126
130
132
131
129
125
121
119
119
122
126
130
133
133
131
128
124
121
120
122
125
129
132
133
132
128
124
121
119
119
123
126
130
131
131
128
124
120
117
117
118
122
125
127
127
125
121
116
113
112
114
117
121
125
126
126
123
119
117
116
117
121
126
130
132
132
130
127
123
121
121
123
127
131
133
133
131
127
123
120
118
120
123
127
129
130
129
125
121
117
115
116
119
122
126
128
128
125
121
118
115
115
117
121
126
128
129
127
124
120
117
116
117
121
125
128
129
129
126
121
118
116
117
120
124
128
130
129
127
123
119
117
117
119
123
127
129
130
128
124
120
117
116
117
121
125
128
129
128
124
120
117
115
115
118
122
126
128
128
125
121
117
115
114
116
120
124
127
127
126
122
118
115
114
116
119
123
126
127
127
123
119
116
114
115
118
122
125
128
127
125
121
117
115
115
117
121
125
128
129
127
123
119
116
115
116
120
124
127
128
127
124
120
117
115
116
118
122
127
129
129
126
122
119
116
116
118
121
125
128
129
127
124
120
117
116
117
120
125
128
129
128
125
121
118
116
116
119
123
127
129
129
126
122
118
116
116
118
122
126
128
129
127
124
120
117
116
117
120
124
127
129
128
126
122
118
116
117
119
123
127
129
130
127
123
120
117
117
119
123
127
130
130
129
125
121
118
117
118
121
126
129
130
130
127
123
119
117
117
120
124
128
130
130
128
124
120
118
117
119
123
127
129
130
128
125
120
117
116
117
120
125
128
130
129
127
124
122
121
122
127
131
135
136
136
133
129
125
122
121
123
126
130
132
133
131
127
123
120
118
119
122
126
129
131
130
127
123
119
117
117
120
124
128
130
130
128
124
120
118
117
119
123
127
130
130
128
123
116
111
107
105
107
111
117
122
128
132
139
148
161
179
202
227
249
250
251
251
250
251
251
251
251
251
250
240
210
177
146
122
107
100
99
102
107
113
117
119
118
115
112
110
110
113
116
119
121
121
119
115
112
109
108
110
114
118
120
122
120
117
114
111
110
110
114
118
121
123
123
121
117
114
112
112
114
118
122
125
126
123
120
116
114
113
116
119
123
126
127
126
123
119
116
115
116
119
123
127
128
128
125
121
118
116
116
119
123
127
129
130
128
124
120
117
117
118
122
126
129
130
129
126
122
118
117
117
120
124
128
129
128
125
121
117
114
115
116
120
123
125
125
123
118
114
111
110
111
114
118
121
122
121
118
115
112
111
112
116
121
125
128
128
126
122
119
117
117
120
124
128
130
131
128
124
120
117
115
117
120
124
127
128
126
123
118
115
113
113
116
120
124
125
125
122
118
115
113
112
115
119
123
125
126
124
120
116
114
113
115
118
123
126
127
126
123
118
115
114
114
117
121
125
127
127
124
120
116
114
114
116
120
124
127
127
125
121
117
115
114
115
118
122
125
127
125
122
118
114
113
113
116
120
124
126
126
122
118
115
113
112
114
118
122
125
125
123
120
116
113
112
113
117
121
124
125
124
121
117
114
112
113
116
120
123
125
125
122
118
115
113
112
115
118
123
125
126
124
120
117
114
113
114
118
122
125
126
125
122
118
115
113
114
117
120
124
126
126
124
120
116
114
114
116
120
124
127
127
125
122
118
115
114
116
119
123
126
128
127
123
119
116
115
115
118
122
126
128
128
126
122
118
116
115
118
121
126
128
129
127
123
119
117
116
117
120
125
128
129
128
125
121
118
116
117
120
124
127
130
130
127
123
119
117
117
119
123
127
129
130
128
125
121
118
116
118
121
126
129
130
130
127
122
119
117
118
121
125
128
130
131
128
124
121
118
118
120
124
128
131
132
130
126
122
120
119
120
123
128
131
132
131
128
124
121
119
119
122
126
130
132
132
130
126
122
119
119
121
125
129
131
132
130
126
122
119
118
119
122
127
130
132
132
129
126
124
123
125
128
132
135
137
136
134
130
126
123
122
124
128
131
133
134
132
128
124
121
119
120
123
127
130
132
131
128
124
121
118
119
122
126
130
132
132
130
126
122
120
119
122
125
129
131
131
129
123
116
111
106
106
109
114
120
127
133
139
146
157
171
190
214
238
250
251
251
251
251
251
251
251
251
250
249
230
199
168
142
123
111
106
106
110
115
120
124
125
122
119
116
113
113
115
119
122
124
124
121
117
114
111
110
112
116
120
123
124
123
119
116
113
111
113
116
120
123
125
125
122
119
115
113
114
116
121
124
127
127
125
121
118
115
115
117
120
125
128
129
128
125
120
118
116
118
121
125
129
130
130
127
123
120
118
119
121
126
129
132
132
130
126
122
120
119
121
125
129
132
132
131
128
124
120
119
120
123
127
130
132
131
128
123
120
117
117
119
123
126
128
128
125
121
117
114
113
114
117
121
124
125
124
121
117
114
113
115
118
123
127
130
130
127
124
121
119
119
122
126
130
132
132
130
126
122
120
118
120
123
127
129
130
129
125
120
117
116
116
119
123
127
128
128
125
121
117
115
115
117
121
125
128
128
126
123
119
116
115
117
121
125
128
129
128
125
121
118
116
117
120
124
128
129
129
126
122
119
117
117
119
122
127
129
129
128
124
119
117
116
117
121
125
128
129
128
125
120
117
115
116
119
123
126
128
128
125
121
117
115
115
118
121
125
127
128
126
122
118
116
115
116
120
124
127
128
127
123
119
116
115
116
118
123
126
128
128
125
121
117
115
115
118
122
126
128
129
127
123
119
116
115
117
120
124
127
129
128
124
120
117
116
116
120
124
127
129
129
126
122
119
117
116
119
122
126
129
129
127
123
119
116
116
117
121
125
128
130
129
126
122
118
117
117
120
124
128
130
129
127
123
119
117
117
119
123
127
129
130
128
124
120
118
117
118
122
126
129
130
130
126
122
119
117
118
121
125
129
131
130
128
124
120
118
118
120
124
128
130
131
129
126
122
119
118
119
123
127
131
132
131
128
124
120
119
119
122
126
130
132
132
129
126
122
119
119
122
126
129
132
132
131
127
123
120
119
121
124
128
131
132
131
128
124
121
119
120
123
127
130
133
132
130
126
122
120
119
121
126
130
132
133
132
128
124
121
120
121
125
128
131
132
131
128
124
120
118
119
122
126
130
132
133
131
128
126
124
124
128
132
136
138
138
136
132
128
124
123
124
127
131
133
135
134
130
126
122
120
120
123
127
130
132
132
129
125
122
119
119
121
125
129
132
132
131
127
123
120
119
120
124
128
131
132
130
125
119
113
108
107
108
112
118
125
131
136
143
152
165
182
203
228
249
250
251
251
251
251
251
251
251
251
250
241
212
179
149
125
110
102
99
102
107
113
118
120
120
117
114
112
112
114
117
121
123
124
122
118
114
111
110
111
114
118
122
123
123
120
116
113
111
112
114
118
122
125
125
123
119
115
113
112
115
119
123
126
127
125
122
118
115
114
115
119
123
127
129
128
125
121
118
116
116
120
124
128
130
130
128
124
120
118
118
120
124
128
131
131
130
127
123
120
118
119
123
127
130
132
131
128
124
120
118
118
121
125
129
131
131
128
124
120
117
116
118
121
125
127
128
126
121
117
114
112
113
116
119
123
124
124
121
117
114
113
113
116
121
125
128
129
127
124
121
118
118
120
125
129
131
132
131
127
123
119
117
118
121
125
128
129
128
125
120
116
114
114
116
120
124
126
127
124
120
117
114
114
116
119
124
127
127
126
122
119
116
114
116
119
123
126
128
127
124
120
116
115
115
118
122
126
128
128
126
122
118
116
115
117
121
125
127
128
127
123
119
116
114
115
118
122
125
127
126
123
119
115
113
113
116
119
123
126
126
123
119
116
113
112
114
118
121
124
125
124
120
116
114
112
113
116
120
123
125
124
121
118
114
112
112
115
118
122
125
125
123
119
116
113
113
114
117
122
125
126
125
121
117
114
113
114
117
121
125
127
126
124
120
116
114
114
117
121
124
127
127
125
121
117
115
114
116
120
124
127
128
127
123
119
116
115
116
119
123
127
129
128
125
121
118
116
116
118
123
126
129
129
127
123
119
116
115
117
121
124
127
129
128
124
120
117
115
117
120
124
128
130
129
126
122
119
117
116
119
123
127
129
130
128
124
120
117
117
118
122
126
129
130
129
126
121
118
117
118
121
125
129
131
130
128
124
120
118
117
120
124
128
130
131
129
125
121
119
118
119
123
127
130
131
130
127
123
120
118
119
122
126
129
131
131
128
125
121
118
118
121
125
129
131
131
129
126
121
118
118
119
122
126
129
130
129
126
122
119
118
119
123
128
132
135
136
134
131
127
125
124
126
129
132
134
134
132
128
124
121
119
120
124
127
130
131
130
127
122
119
117
118
121
125
128
130
130
128
124
120
118
117
120
124
128
130
131
129
125
121
118
116
117
119
121
121
119
116
111
108
107
110
116
127
141
157
175
193
210
228
245
250
251
251
251
251
251
251
251
251
250
232
198
166
142
127
118
113
111
108
106
104
105
108
112
117
121
124
123
121
117
113
110
110
112
115
119
122
123
121
117
114
111
110
112
115
119
123
124
123
120
117
113
112
113
116
120
124
126
126
123
120
116
114
114
116
120
124
127
128
126
123
119
116
115
117
120
124
128
129
129
126
122
118
117
117
120
125
128
131
131
128
124
121
118
118
121
125
129
131
132
131
127
123
120
119
120
124
127
131
132
131
128
124
120
118
118
121
125
128
130
129
127
122
118
115
115
116
119
123
125
125
124
120
116
113
112
113
116
120
124
126
125
123
119
116
115
116
120
124
128
131
131
129
125
121
119
118
120
124
127
130
130
128
124
120
117
115
116
119
123
126
127
126
123
119
115
113
114
116
120
124
126
126
124
120
116
114
114
115
119
123
126
127
125
122
118
115
114
115
118
122
126
127
127
124
120
116
115
115
118
122
126
128
128
125
121
118
115
114
116
120
124
127
128
126
123
118
115
114
115
118
122
126
127
127
123
119
116
114
114
116
120
124
126
126
124
120
116
114
113
115
118
122
125
126
124
121
117
114
113
114
116
120
124
126
125
122
118
115
113
113
116
119
123
126
126
124
120
116
114
113
115
119
123
126
127
125
122
118
115
113
114
117
121
125
127
126
123
119
116
114
114
117
120
124
127
127
125
121
117
115
114
115
119
123
126
127
126
122
118
115
114
115
118
122
126
127
127
124
120
117
115
115
117
121
125
127
128
126
122
118
116
115
117
120
124
127
128
127
123
119
116
115
116
119
123
126
128
128
125
121
118
116
116
118
122
126
129
129
127
123
120
117
116
118
122
126
129
130
128
125
121
118
116
117
121
125
128
130
130
127
123
119
117
117
120
124
127
130
131
128
125
121
118
117
119
123
127
130
131
130
127
123
120
118
119
122
126
130
131
131
128
124
121
118
118
121
125
129
131
131
129
125
121
119
117
118
122
126
129
131
129
127
123
120
119
121
125
130
135
137
137
134
130
126
123
123
125
129
132
134
135
133
129
125
121
120
121
125
128
131
132
131
128
123
120
119
119
122
126
130
132
132
129
125
121
119
119
121
126
129
132
132
130
126
120
116
113
112
112
114
115
117
118
119
121
126
135
148
167
189
212
236
250
250
251
251
251
251
251
251
251
251
250
239
208
173
144
124
114
112
113
116
119
120
119
116
114
112
113
116
120
123
125
124
121
117
113
111
110
113
116
120
123
124
122
118
115
112
111
112
116
120
124
125
124
121
117
114
113
113
116
120
124
126
126
124
120
117
114
114
116
121
125
127
128
127
123
120
117
116
117
121
125
128
130
129
126
122
119
117
118
121
125
129
131
131
129
125
121
119
118
121
125
128
131
132
130
126
122
119
118
119
123
127
130
131
130
127
123
119
117
117
120
124
127
129
128
126
121
117
114
113
115
118
122
124
125
122
119
115
112
111
113
117
121
125
127
127
124
121
118
117
118
121
125
129
131
131
129
125
121
118
118
120
123
127
129
130
128
124
120
116
115
116
119
123
126
127
126
123
119
116
114
114
117
121
125
127
128
125
121
117
115
114
117
120
125
127
128
127
123
120
117
116
117
121
125
128
130
129
126
122
118
116
116
119
123
127
129
129
127
123
119
116
116
118
121
125
128
129
127
123
119
117
115
116
119
124
127
128
127
124
120
117
115
115
118
122
125
128
128
125
121
118
115
115
116
120
124
127
128
127
123
119
116
115
116
120
124
127
129
128
125
121
117
115
116
118
122
126
129
128
126
122
118
116
116
117
122
126
128
129
128
124
120
117
116
117
120
124
128
129
129
126
122
118
116
117
119
123
127
129
130
127
123
119
117
116
118
122
126
129
130
128
125
121
118
116
117
121
125
128
130
130
127
123
119
117
117
120
124
128
130
130
128
125
121
118
117
119
123
127
130
131
130
127
122
119
118
119
122
126
129
131
131
128
124
120
118
118
120
125
128
131
131
129
125
121
118
118
119
123
127
131
132
131
127
123
120
118
119
123
127
130
132
132
129
125
121
119
119
122
126
129
132
132
130
127
123
120
119
121
125
129
131
133
131
128
124
121
119
120
123
127
131
132
132
130
126
122
120
120
122
126
130
132
133
131
127
123
120
119
121
124
128
131
132
131
127
123
121
119
121
125
130
134
137
138
136
132
129
126
125
127
130
134
136
136
134
130
126
123
121
123
126
130
132
133
131
128
124
121
119
120
123
127
130
132
132
129
125
121
119
119
121
125
129
132
133
131
127
123
120
118
119
121
122
123
121
117
113
111
111
113
120
131
145
162
180
198
215
232
248
250
250
251
251
251
251
251
251
251
249
229
194
163
140
126
117
113
110
108
106
105
106
109
113
118
123
125
125
122
118
114
112
111
113
117
121
124
125
123
119
115
112
112
113
116
121
124
126
125
121
117
115
113
114
117
121
125
127
127
125
121
117
115
115
117
121
125
128
129
128
124
120
117
116
118
121
126
129
130
130
127
123
119
118
118
121
125
129
131
132
129
126
122
119
119
121
126
129
132
133
132
128
124
121
120
121
125
129
131
133
132
129
125
121
119
119
122
126
129
130
130
127
123
118
116
115
117
120
124
126
126
124
120
117
113
112
113
117
121
125
127
126
124
120
118
116
117
121
125
129
132
132
130
126
122
120
119
121
